262144000S,0C
7129 1
341 1
6987 1
2878 1
26209 1
-26624 -1
27548 1
184508 1
15824 1
19476 1
29367 1
25458 1
51107 1
8382 1
8620 1
67967 1
17564 1
54255 1
116354 1
30039 1
29652 1
3771 1
45700 1
78576 1
26354 1
6167 1
4800 1
389150 1
4103 1
6298 1
6327 1
7785 1
7316 1
6130 1
4066 1
4066 1
24604 1
40260 1
30343 1
2835 1
14713 1
3518 1
4249 1
23722 1
4237 1
4262 1
4280 1
4239 1
4263 1
1592 1
4244 1
4278 1
27400 1
4305 1
21733 1
15060 1
24523 1
6834 1
20874 1
4087 1
18991 1
21060 1
29312 1
3917 1
4098 1
16946 1
23652 1
11496 1
34687 1
2473 1
2687 1
20898 1
2630 1
4205 1
2962 1
9342 1
28163 1
3608 1
18876 1
3116 1
3129 1
2784 1
3154 1
3210 1
4342 1
3865 1
4635 1
10575 1
3173 1
3199 1
2394 1
3080 1
4151 1
7235 1
3408 1
3520 1
3805 1
4099 1
3472 1
3413 1
3547 1
4306 1
4287 1
3964 1
4068 1
4477 1
5114 1
5170 1
28159 1
4659 1
5637 1
5646 1
5512 1
5234 1
5186 1
5175 1
5285 1
4504 1
5992 1
5007 1
5801 1
5838 1
5510 1
20934 1
5663 1
5220 1
5520 1
4460 1
2796 1
2757 1
3378 1
23291 1
5228 1
5805 1
61232 1
5886 1
4345 1
3748 1
4217 1
3394 1
3820 1
6066 1
7136 1
4685 1
7039 1
5370 1
17578 1
5066 1
4914 1
5324 1
5857 1
5270 1
5435 1
5954 1
4684 1
5732 1
5554 1
5388 1
4839 1
